# This file was produced by bcftools stats (1.23.1+htslib-1.23.1) and can be plotted using plot-vcfstats.
# The command line was:	bcftools stats  results/vcf/chr22_region.filtered.vcf.gz
#
# Definition of sets:
# ID	[2]id	[3]tab-separated file names
ID	0	results/vcf/chr22_region.filtered.vcf.gz
# SN, Summary numbers:
#   number of records   .. number of data rows in the VCF
#   number of no-ALTs   .. reference-only sites, ALT is either "." or identical to REF
#   number of SNPs      .. number of rows with a SNP
#   number of MNPs      .. number of rows with a MNP, such as CC>TT
#   number of indels    .. number of rows with an indel
#   number of others    .. number of rows with other type, for example a symbolic allele or
#                          a complex substitution, such as ACT>TCGA
#   number of multiallelic sites     .. number of rows with multiple alternate alleles
#   number of multiallelic SNP sites .. number of rows with multiple alternate alleles, all SNPs
# 
#   Note that rows containing multiple types will be counted multiple times, in each
#   counter. For example, a row with a SNP and an indel increments both the SNP and
#   the indel counter.
# 
# SN	[2]id	[3]key	[4]value
SN	0	number of samples:	2504
SN	0	number of records:	22383
SN	0	number of no-ALTs:	0
SN	0	number of SNPs:	21521
SN	0	number of MNPs:	0
SN	0	number of indels:	866
SN	0	number of others:	16
SN	0	number of multiallelic sites:	127
SN	0	number of multiallelic SNP sites:	83
# TSTV, transitions/transversions
#   - transitions, see https://en.wikipedia.org/wiki/Transition_(genetics)
#   - transversions, see https://en.wikipedia.org/wiki/Transversion
# TSTV	[2]id	[3]ts	[4]tv	[5]ts/tv	[6]ts (1st ALT)	[7]tv (1st ALT)	[8]ts/tv (1st ALT)
TSTV	0	15493	6111	2.54	15452	6064	2.55
# SiS, Singleton stats:
#   - allele count, i.e. the number of singleton genotypes (AC=1)
#   - number of transitions, see above
#   - number of transversions, see above
#   - repeat-consistent, inconsistent and n/a: experimental and useless stats [DEPRECATED]
# SiS	[2]id	[3]allele count	[4]number of SNPs	[5]number of transitions	[6]number of transversions	[7]number of indels	[8]repeat-consistent	[9]repeat-inconsistent	[10]not applicable
SiS	0	1	8957	6393	2564	1	0	0	1
# AF, Stats by non-reference allele frequency:
# AF	[2]id	[3]allele frequency	[4]number of SNPs	[5]number of transitions	[6]number of transversions	[7]number of indels	[8]repeat-consistent	[9]repeat-inconsistent	[10]not applicable
AF	0	0.000000	11654	8352	3302	11	0	0	11
AF	0	0.000399	2039	1493	546	129	0	0	129
AF	0	0.000799	946	685	261	69	0	0	69
AF	0	0.001198	533	379	154	44	0	0	44
AF	0	0.001597	465	323	142	28	0	0	28
AF	0	0.001997	334	246	88	28	0	0	28
AF	0	0.002396	308	226	82	24	0	0	24
AF	0	0.002796	245	165	80	19	0	0	19
AF	0	0.003195	185	141	44	16	0	0	16
AF	0	0.003594	170	125	45	14	0	0	14
AF	0	0.003994	146	111	35	19	0	0	19
AF	0	0.004393	134	99	35	10	0	0	10
AF	0	0.004792	119	88	31	7	0	0	7
AF	0	0.005192	94	73	21	9	0	0	9
AF	0	0.005591	103	79	24	12	0	0	12
AF	0	0.005990	91	60	31	5	0	0	5
AF	0	0.006390	80	46	34	8	0	0	8
AF	0	0.006789	67	41	26	10	0	0	10
AF	0	0.007188	59	43	16	9	0	0	9
AF	0	0.007588	78	53	25	5	0	0	5
AF	0	0.007987	44	33	11	6	0	0	6
AF	0	0.008387	43	29	14	4	0	0	4
AF	0	0.008786	52	39	13	3	0	0	3
AF	0	0.009185	47	33	14	2	0	0	2
AF	0	0.009585	46	36	10	3	0	0	3
AF	0	0.009984	41	27	14	5	0	0	5
AF	0	0.010383	38	25	13	2	0	0	2
AF	0	0.010783	26	18	8	3	0	0	3
AF	0	0.011182	21	18	3	4	0	0	4
AF	0	0.011581	46	39	7	6	0	0	6
AF	0	0.011981	43	31	12	5	0	0	5
AF	0	0.012380	38	24	14	0	0	0	0
AF	0	0.012780	28	17	11	0	0	0	0
AF	0	0.013179	29	22	7	2	0	0	2
AF	0	0.013578	20	16	4	0	0	0	0
AF	0	0.013978	30	23	7	2	0	0	2
AF	0	0.014377	25	14	11	2	0	0	2
AF	0	0.014776	21	16	5	2	0	0	2
AF	0	0.015176	30	24	6	1	0	0	1
AF	0	0.015575	22	13	9	3	0	0	3
AF	0	0.015974	41	32	9	2	0	0	2
AF	0	0.016374	40	32	8	4	0	0	4
AF	0	0.016773	30	26	4	0	0	0	0
AF	0	0.017173	21	15	6	2	0	0	2
AF	0	0.017572	18	15	3	1	0	0	1
AF	0	0.017971	29	22	7	2	0	0	2
AF	0	0.018371	14	11	3	2	0	0	2
AF	0	0.018770	17	12	5	3	0	0	3
AF	0	0.019169	20	14	6	0	0	0	0
AF	0	0.019569	17	9	8	2	0	0	2
AF	0	0.019968	12	10	2	1	0	0	1
AF	0	0.020367	9	7	2	1	0	0	1
AF	0	0.020767	11	8	3	1	0	0	1
AF	0	0.021166	8	6	2	0	0	0	0
AF	0	0.021565	16	12	4	1	0	0	1
AF	0	0.021965	8	8	0	1	0	0	1
AF	0	0.022364	16	11	5	1	0	0	1
AF	0	0.022764	12	10	2	0	0	0	0
AF	0	0.023163	13	8	5	1	0	0	1
AF	0	0.023562	14	12	2	1	0	0	1
AF	0	0.023962	9	5	4	2	0	0	2
AF	0	0.024361	11	8	3	1	0	0	1
AF	0	0.024760	17	11	6	1	0	0	1
AF	0	0.025160	9	7	2	2	0	0	2
AF	0	0.025559	6	5	1	2	0	0	2
AF	0	0.025958	12	9	3	0	0	0	0
AF	0	0.026358	16	12	4	3	0	0	3
AF	0	0.026757	7	7	0	0	0	0	0
AF	0	0.027157	8	6	2	0	0	0	0
AF	0	0.027556	9	5	4	1	0	0	1
AF	0	0.027955	17	9	8	1	0	0	1
AF	0	0.028355	14	9	5	0	0	0	0
AF	0	0.028754	9	5	4	2	0	0	2
AF	0	0.029153	22	17	5	1	0	0	1
AF	0	0.029553	17	13	4	0	0	0	0
AF	0	0.029952	11	10	1	0	0	0	0
AF	0	0.030351	10	4	6	0	0	0	0
AF	0	0.030751	5	3	2	0	0	0	0
AF	0	0.031150	9	8	1	0	0	0	0
AF	0	0.031550	10	8	2	2	0	0	2
AF	0	0.031949	12	9	3	0	0	0	0
AF	0	0.032348	8	5	3	0	0	0	0
AF	0	0.032748	6	6	0	0	0	0	0
AF	0	0.033147	5	3	2	0	0	0	0
AF	0	0.033546	12	6	6	0	0	0	0
AF	0	0.033946	8	6	2	1	0	0	1
AF	0	0.034345	12	7	5	1	0	0	1
AF	0	0.034744	9	7	2	0	0	0	0
AF	0	0.035144	5	3	2	2	0	0	2
AF	0	0.035543	3	3	0	0	0	0	0
AF	0	0.035942	24	18	6	2	0	0	2
AF	0	0.036342	5	5	0	2	0	0	2
AF	0	0.036741	16	12	4	1	0	0	1
AF	0	0.037141	11	8	3	0	0	0	0
AF	0	0.037540	9	8	1	0	0	0	0
AF	0	0.037939	4	1	3	0	0	0	0
AF	0	0.038339	5	3	2	1	0	0	1
AF	0	0.038738	8	6	2	0	0	0	0
AF	0	0.039137	2	1	1	1	0	0	1
AF	0	0.039537	5	4	1	1	0	0	1
AF	0	0.039936	7	5	2	1	0	0	1
AF	0	0.040335	9	7	2	0	0	0	0
AF	0	0.040735	6	5	1	1	0	0	1
AF	0	0.041134	7	7	0	1	0	0	1
AF	0	0.041534	13	10	3	0	0	0	0
AF	0	0.041933	12	10	2	0	0	0	0
AF	0	0.042332	9	5	4	0	0	0	0
AF	0	0.042732	4	3	1	0	0	0	0
AF	0	0.043131	3	1	2	1	0	0	1
AF	0	0.043530	5	3	2	0	0	0	0
AF	0	0.043930	1	0	1	0	0	0	0
AF	0	0.044329	6	5	1	1	0	0	1
AF	0	0.044728	2	2	0	2	0	0	2
AF	0	0.045128	10	5	5	1	0	0	1
AF	0	0.045527	3	2	1	0	0	0	0
AF	0	0.045927	8	6	2	1	0	0	1
AF	0	0.046326	8	5	3	0	0	0	0
AF	0	0.046725	2	0	2	0	0	0	0
AF	0	0.047125	4	2	2	0	0	0	0
AF	0	0.047524	10	7	3	0	0	0	0
AF	0	0.047923	5	3	2	1	0	0	1
AF	0	0.048323	5	4	1	2	0	0	2
AF	0	0.048722	5	5	0	1	0	0	1
AF	0	0.049121	8	5	3	0	0	0	0
AF	0	0.049521	5	5	0	3	0	0	3
AF	0	0.049920	25	15	10	1	0	0	1
AF	0	0.050319	40	30	10	3	0	0	3
AF	0	0.050719	14	11	3	2	0	0	2
AF	0	0.051118	4	3	1	0	0	0	0
AF	0	0.051518	3	2	1	1	0	0	1
AF	0	0.051917	9	6	3	2	0	0	2
AF	0	0.052316	4	4	0	1	0	0	1
AF	0	0.052716	5	4	1	1	0	0	1
AF	0	0.053115	5	4	1	2	0	0	2
AF	0	0.053514	7	5	2	1	0	0	1
AF	0	0.053914	5	4	1	0	0	0	0
AF	0	0.054313	15	12	3	0	0	0	0
AF	0	0.054712	6	2	4	0	0	0	0
AF	0	0.055112	1	1	0	0	0	0	0
AF	0	0.055511	1	0	1	1	0	0	1
AF	0	0.055911	7	7	0	0	0	0	0
AF	0	0.056310	5	3	2	1	0	0	1
AF	0	0.056709	8	7	1	0	0	0	0
AF	0	0.057109	11	9	2	2	0	0	2
AF	0	0.057508	20	10	10	0	0	0	0
AF	0	0.057907	1	1	0	0	0	0	0
AF	0	0.058307	3	2	1	1	0	0	1
AF	0	0.058706	5	4	1	0	0	0	0
AF	0	0.059105	11	8	3	0	0	0	0
AF	0	0.059505	6	5	1	0	0	0	0
AF	0	0.059904	2	1	1	0	0	0	0
AF	0	0.060304	4	4	0	2	0	0	2
AF	0	0.060703	4	4	0	0	0	0	0
AF	0	0.061102	4	2	2	0	0	0	0
AF	0	0.061502	6	5	1	0	0	0	0
AF	0	0.061901	6	4	2	1	0	0	1
AF	0	0.062300	5	4	1	0	0	0	0
AF	0	0.062700	2	1	1	0	0	0	0
AF	0	0.063099	2	1	1	0	0	0	0
AF	0	0.063498	4	3	1	1	0	0	1
AF	0	0.063898	6	3	3	0	0	0	0
AF	0	0.064297	4	3	1	0	0	0	0
AF	0	0.064696	2	1	1	0	0	0	0
AF	0	0.065096	3	3	0	1	0	0	1
AF	0	0.065895	0	0	0	1	0	0	1
AF	0	0.066294	5	4	1	1	0	0	1
AF	0	0.066693	4	4	0	0	0	0	0
AF	0	0.067093	6	4	2	1	0	0	1
AF	0	0.067492	3	3	0	0	0	0	0
AF	0	0.068291	5	4	1	0	0	0	0
AF	0	0.068690	4	3	1	0	0	0	0
AF	0	0.069089	4	4	0	1	0	0	1
AF	0	0.069489	5	2	3	0	0	0	0
AF	0	0.069888	2	2	0	0	0	0	0
AF	0	0.070288	4	3	1	2	0	0	2
AF	0	0.070687	7	5	2	0	0	0	0
AF	0	0.071086	3	3	0	0	0	0	0
AF	0	0.071486	2	1	1	0	0	0	0
AF	0	0.071885	4	2	2	0	0	0	0
AF	0	0.072284	5	2	3	0	0	0	0
AF	0	0.072684	1	0	1	0	0	0	0
AF	0	0.073083	2	2	0	2	0	0	2
AF	0	0.073482	2	2	0	0	0	0	0
AF	0	0.073882	7	5	2	0	0	0	0
AF	0	0.074281	2	1	1	1	0	0	1
AF	0	0.074681	6	6	0	1	0	0	1
AF	0	0.075080	2	2	0	0	0	0	0
AF	0	0.075479	2	1	1	0	0	0	0
AF	0	0.075879	1	1	0	1	0	0	1
AF	0	0.076677	2	2	0	0	0	0	0
AF	0	0.077077	1	1	0	0	0	0	0
AF	0	0.077476	4	3	1	0	0	0	0
AF	0	0.078275	2	0	2	0	0	0	0
AF	0	0.078674	2	2	0	0	0	0	0
AF	0	0.079473	3	1	2	0	0	0	0
AF	0	0.079872	2	1	1	0	0	0	0
AF	0	0.080272	6	6	0	0	0	0	0
AF	0	0.080671	1	0	1	0	0	0	0
AF	0	0.081070	3	2	1	0	0	0	0
AF	0	0.081869	4	2	2	0	0	0	0
AF	0	0.082268	3	3	0	0	0	0	0
AF	0	0.082668	4	4	0	0	0	0	0
AF	0	0.083067	1	1	0	0	0	0	0
AF	0	0.083466	1	0	1	1	0	0	1
AF	0	0.083866	4	3	1	1	0	0	1
AF	0	0.084265	1	0	1	0	0	0	0
AF	0	0.084665	2	2	0	0	0	0	0
AF	0	0.085064	3	0	3	0	0	0	0
AF	0	0.085463	2	1	1	0	0	0	0
AF	0	0.085863	3	2	1	0	0	0	0
AF	0	0.086262	1	1	0	0	0	0	0
AF	0	0.087061	2	2	0	0	0	0	0
AF	0	0.087460	10	4	6	1	0	0	1
AF	0	0.087859	3	3	0	0	0	0	0
AF	0	0.088259	2	2	0	0	0	0	0
AF	0	0.089058	3	2	1	0	0	0	0
AF	0	0.089457	12	9	3	1	0	0	1
AF	0	0.089856	24	18	6	2	0	0	2
AF	0	0.090256	2	1	1	1	0	0	1
AF	0	0.090655	2	2	0	0	0	0	0
AF	0	0.091054	3	3	0	0	0	0	0
AF	0	0.091454	2	2	0	0	0	0	0
AF	0	0.091853	1	1	0	0	0	0	0
AF	0	0.092252	1	1	0	0	0	0	0
AF	0	0.092652	2	1	1	2	0	0	2
AF	0	0.093450	1	1	0	0	0	0	0
AF	0	0.093850	1	1	0	0	0	0	0
AF	0	0.094249	1	1	0	1	0	0	1
AF	0	0.094649	1	1	0	0	0	0	0
AF	0	0.095048	0	0	0	1	0	0	1
AF	0	0.095447	0	0	0	1	0	0	1
AF	0	0.095847	4	2	2	0	0	0	0
AF	0	0.096645	2	0	2	0	0	0	0
AF	0	0.097045	3	1	2	0	0	0	0
AF	0	0.097444	1	0	1	0	0	0	0
AF	0	0.097843	2	2	0	0	0	0	0
AF	0	0.098243	4	3	1	0	0	0	0
AF	0	0.098642	3	3	0	0	0	0	0
AF	0	0.099042	2	2	0	0	0	0	0
AF	0	0.099441	2	2	0	0	0	0	0
AF	0	0.099840	0	0	0	1	0	0	1
AF	0	0.100240	1	1	0	0	0	0	0
AF	0	0.100639	2	0	2	2	0	0	2
AF	0	0.101038	2	2	0	0	0	0	0
AF	0	0.101438	1	0	1	0	0	0	0
AF	0	0.101837	1	0	1	0	0	0	0
AF	0	0.102236	3	1	2	0	0	0	0
AF	0	0.102636	3	1	2	0	0	0	0
AF	0	0.103035	2	2	0	0	0	0	0
AF	0	0.103435	7	4	3	1	0	0	1
AF	0	0.103834	9	8	1	0	0	0	0
AF	0	0.104233	10	7	3	1	0	0	1
AF	0	0.104633	2	1	1	0	0	0	0
AF	0	0.105032	1	0	1	0	0	0	0
AF	0	0.105431	5	2	3	2	0	0	2
AF	0	0.105831	5	3	2	1	0	0	1
AF	0	0.106230	6	4	2	2	0	0	2
AF	0	0.106629	2	2	0	2	0	0	2
AF	0	0.107029	2	0	2	0	0	0	0
AF	0	0.107428	2	1	1	0	0	0	0
AF	0	0.107827	2	0	2	0	0	0	0
AF	0	0.108227	2	1	1	0	0	0	0
AF	0	0.109026	5	3	2	0	0	0	0
AF	0	0.109425	7	6	1	1	0	0	1
AF	0	0.109824	5	5	0	2	0	0	2
AF	0	0.110224	5	4	1	0	0	0	0
AF	0	0.110623	2	2	0	1	0	0	1
AF	0	0.111022	7	6	1	0	0	0	0
AF	0	0.111422	1	0	1	0	0	0	0
AF	0	0.112220	2	2	0	0	0	0	0
AF	0	0.112620	1	1	0	0	0	0	0
AF	0	0.113019	2	2	0	1	0	0	1
AF	0	0.113419	2	2	0	0	0	0	0
AF	0	0.113818	1	1	0	0	0	0	0
AF	0	0.114217	4	4	0	0	0	0	0
AF	0	0.114617	1	1	0	0	0	0	0
AF	0	0.115016	2	1	1	0	0	0	0
AF	0	0.115815	1	1	0	0	0	0	0
AF	0	0.116214	4	2	2	0	0	0	0
AF	0	0.116613	1	1	0	0	0	0	0
AF	0	0.117013	3	2	1	0	0	0	0
AF	0	0.117412	1	0	1	0	0	0	0
AF	0	0.117812	1	0	1	0	0	0	0
AF	0	0.118610	2	2	0	0	0	0	0
AF	0	0.119010	1	1	0	0	0	0	0
AF	0	0.119409	5	5	0	0	0	0	0
AF	0	0.119808	3	3	0	1	0	0	1
AF	0	0.120208	2	1	1	0	0	0	0
AF	0	0.120607	3	1	2	0	0	0	0
AF	0	0.121006	1	1	0	0	0	0	0
AF	0	0.121406	1	1	0	0	0	0	0
AF	0	0.121805	1	0	1	1	0	0	1
AF	0	0.122204	3	2	1	2	0	0	2
AF	0	0.122604	6	4	2	0	0	0	0
AF	0	0.123003	5	2	3	1	0	0	1
AF	0	0.123403	1	1	0	0	0	0	0
AF	0	0.123802	5	3	2	0	0	0	0
AF	0	0.124201	3	2	1	0	0	0	0
AF	0	0.124601	4	4	0	1	0	0	1
AF	0	0.125000	4	3	1	0	0	0	0
AF	0	0.125399	2	0	2	0	0	0	0
AF	0	0.125799	1	0	1	0	0	0	0
AF	0	0.126198	8	5	3	0	0	0	0
AF	0	0.126597	11	7	4	0	0	0	0
AF	0	0.126997	9	8	1	0	0	0	0
AF	0	0.127396	2	2	0	1	0	0	1
AF	0	0.127796	3	2	1	0	0	0	0
AF	0	0.128195	8	4	4	1	0	0	1
AF	0	0.128594	5	2	3	0	0	0	0
AF	0	0.128994	1	1	0	1	0	0	1
AF	0	0.129393	1	1	0	0	0	0	0
AF	0	0.129792	1	0	1	0	0	0	0
AF	0	0.130192	2	1	1	1	0	0	1
AF	0	0.130591	3	2	1	0	0	0	0
AF	0	0.131390	3	2	1	0	0	0	0
AF	0	0.131789	1	0	1	0	0	0	0
AF	0	0.132188	1	1	0	0	0	0	0
AF	0	0.132588	1	1	0	0	0	0	0
AF	0	0.132987	1	1	0	0	0	0	0
AF	0	0.133387	2	2	0	0	0	0	0
AF	0	0.133786	2	2	0	0	0	0	0
AF	0	0.134185	5	2	3	0	0	0	0
AF	0	0.134585	1	1	0	0	0	0	0
AF	0	0.134984	3	2	1	0	0	0	0
AF	0	0.135383	3	1	2	0	0	0	0
AF	0	0.135783	4	3	1	0	0	0	0
AF	0	0.136182	2	1	1	1	0	0	1
AF	0	0.136581	1	1	0	0	0	0	0
AF	0	0.136981	1	1	0	0	0	0	0
AF	0	0.137380	3	3	0	0	0	0	0
AF	0	0.137780	3	3	0	0	0	0	0
AF	0	0.138179	5	4	1	0	0	0	0
AF	0	0.138978	4	3	1	1	0	0	1
AF	0	0.139377	8	4	4	1	0	0	1
AF	0	0.139776	4	4	0	2	0	0	2
AF	0	0.140176	2	1	1	1	0	0	1
AF	0	0.140575	2	2	0	0	0	0	0
AF	0	0.141374	1	1	0	1	0	0	1
AF	0	0.141773	3	1	2	0	0	0	0
AF	0	0.142173	3	3	0	0	0	0	0
AF	0	0.143371	2	1	1	0	0	0	0
AF	0	0.143770	0	0	0	1	0	0	1
AF	0	0.144169	0	0	0	1	0	0	1
AF	0	0.144569	1	1	0	0	0	0	0
AF	0	0.145367	0	0	0	1	0	0	1
AF	0	0.145767	2	2	0	1	0	0	1
AF	0	0.146565	4	3	1	0	0	0	0
AF	0	0.146965	6	3	3	0	0	0	0
AF	0	0.147364	7	7	0	1	0	0	1
AF	0	0.147764	2	1	1	1	0	0	1
AF	0	0.148163	1	0	1	0	0	0	0
AF	0	0.148562	1	0	1	0	0	0	0
AF	0	0.148962	3	1	2	1	0	0	1
AF	0	0.149361	2	2	0	1	0	0	1
AF	0	0.149760	6	2	4	0	0	0	0
AF	0	0.150160	4	3	1	0	0	0	0
AF	0	0.150559	6	5	1	0	0	0	0
AF	0	0.150958	4	4	0	0	0	0	0
AF	0	0.151358	2	2	0	1	0	0	1
AF	0	0.151757	2	1	1	0	0	0	0
AF	0	0.152157	1	1	0	0	0	0	0
AF	0	0.152955	3	1	2	0	0	0	0
AF	0	0.153355	4	3	1	1	0	0	1
AF	0	0.153754	2	2	0	0	0	0	0
AF	0	0.154153	1	0	1	1	0	0	1
AF	0	0.154553	1	1	0	0	0	0	0
AF	0	0.154952	6	3	3	1	0	0	1
AF	0	0.155751	2	1	1	0	0	0	0
AF	0	0.156150	3	1	2	1	0	0	1
AF	0	0.156550	3	1	2	0	0	0	0
AF	0	0.156949	1	1	0	0	0	0	0
AF	0	0.157348	0	0	0	2	0	0	2
AF	0	0.158147	2	1	1	0	0	0	0
AF	0	0.158546	3	3	0	1	0	0	1
AF	0	0.159345	2	0	2	0	0	0	0
AF	0	0.159744	1	0	1	0	0	0	0
AF	0	0.160144	4	2	2	0	0	0	0
AF	0	0.160942	1	1	0	0	0	0	0
AF	0	0.161342	2	1	1	0	0	0	0
AF	0	0.162141	2	2	0	0	0	0	0
AF	0	0.162540	2	1	1	0	0	0	0
AF	0	0.162939	1	1	0	0	0	0	0
AF	0	0.163339	1	1	0	0	0	0	0
AF	0	0.163738	1	0	1	0	0	0	0
AF	0	0.164137	2	1	1	0	0	0	0
AF	0	0.164537	1	1	0	1	0	0	1
AF	0	0.165335	1	0	1	0	0	0	0
AF	0	0.166134	2	1	1	0	0	0	0
AF	0	0.166534	2	2	0	0	0	0	0
AF	0	0.166933	2	2	0	0	0	0	0
AF	0	0.167332	3	3	0	0	0	0	0
AF	0	0.167732	4	3	1	1	0	0	1
AF	0	0.168131	3	1	2	1	0	0	1
AF	0	0.168530	6	4	2	4	0	0	4
AF	0	0.168930	4	2	2	0	0	0	0
AF	0	0.169329	2	1	1	0	0	0	0
AF	0	0.169728	7	5	2	1	0	0	1
AF	0	0.170527	2	2	0	0	0	0	0
AF	0	0.170927	2	1	1	0	0	0	0
AF	0	0.171725	3	2	1	0	0	0	0
AF	0	0.172125	1	1	0	0	0	0	0
AF	0	0.172524	2	2	0	1	0	0	1
AF	0	0.172923	2	2	0	0	0	0	0
AF	0	0.173323	0	0	0	1	0	0	1
AF	0	0.173722	1	0	1	0	0	0	0
AF	0	0.174521	3	3	0	0	0	0	0
AF	0	0.174920	1	1	0	0	0	0	0
AF	0	0.175319	2	2	0	0	0	0	0
AF	0	0.175719	2	2	0	0	0	0	0
AF	0	0.176518	2	2	0	0	0	0	0
AF	0	0.177316	2	2	0	0	0	0	0
AF	0	0.178115	1	1	0	0	0	0	0
AF	0	0.178514	3	3	0	1	0	0	1
AF	0	0.178914	2	0	2	0	0	0	0
AF	0	0.180112	3	3	0	0	0	0	0
AF	0	0.181310	1	1	0	0	0	0	0
AF	0	0.181709	2	2	0	0	0	0	0
AF	0	0.182508	2	2	0	1	0	0	1
AF	0	0.182907	1	1	0	0	0	0	0
AF	0	0.183706	2	2	0	0	0	0	0
AF	0	0.184105	1	1	0	0	0	0	0
AF	0	0.184505	1	0	1	1	0	0	1
AF	0	0.184904	2	1	1	0	0	0	0
AF	0	0.186102	2	1	1	1	0	0	1
AF	0	0.187300	1	1	0	1	0	0	1
AF	0	0.187700	1	0	1	0	0	0	0
AF	0	0.188099	2	1	1	0	0	0	0
AF	0	0.188498	3	3	0	0	0	0	0
AF	0	0.188898	6	6	0	2	0	0	2
AF	0	0.189297	4	3	1	0	0	0	0
AF	0	0.189696	1	1	0	0	0	0	0
AF	0	0.190495	3	3	0	0	0	0	0
AF	0	0.190895	2	2	0	0	0	0	0
AF	0	0.191294	2	1	1	0	0	0	0
AF	0	0.192093	2	1	1	0	0	0	0
AF	0	0.192492	3	3	0	0	0	0	0
AF	0	0.192891	2	1	1	0	0	0	0
AF	0	0.193291	3	3	0	0	0	0	0
AF	0	0.193690	2	2	0	0	0	0	0
AF	0	0.194089	1	1	0	0	0	0	0
AF	0	0.196486	1	1	0	0	0	0	0
AF	0	0.196885	1	1	0	0	0	0	0
AF	0	0.197284	3	3	0	0	0	0	0
AF	0	0.197684	1	1	0	0	0	0	0
AF	0	0.198083	1	1	0	0	0	0	0
AF	0	0.198482	1	1	0	0	0	0	0
AF	0	0.199681	0	0	0	1	0	0	1
AF	0	0.200080	2	2	0	1	0	0	1
AF	0	0.200479	2	2	0	1	0	0	1
AF	0	0.200879	2	1	1	0	0	0	0
AF	0	0.201278	1	1	0	0	0	0	0
AF	0	0.201677	2	2	0	0	0	0	0
AF	0	0.202077	1	1	0	0	0	0	0
AF	0	0.202476	4	3	1	1	0	0	1
AF	0	0.202875	3	2	1	1	0	0	1
AF	0	0.203275	3	3	0	0	0	0	0
AF	0	0.203674	1	1	0	0	0	0	0
AF	0	0.204073	1	1	0	0	0	0	0
AF	0	0.204473	2	1	1	0	0	0	0
AF	0	0.204872	1	1	0	0	0	0	0
AF	0	0.205272	3	3	0	0	0	0	0
AF	0	0.206070	1	1	0	0	0	0	0
AF	0	0.206869	1	1	0	0	0	0	0
AF	0	0.207268	3	2	1	0	0	0	0
AF	0	0.207668	2	2	0	0	0	0	0
AF	0	0.208067	2	1	1	0	0	0	0
AF	0	0.208866	2	1	1	0	0	0	0
AF	0	0.210463	1	1	0	1	0	0	1
AF	0	0.210863	0	0	0	1	0	0	1
AF	0	0.211661	1	1	0	1	0	0	1
AF	0	0.212460	3	2	1	0	0	0	0
AF	0	0.212859	1	0	1	0	0	0	0
AF	0	0.213259	1	1	0	0	0	0	0
AF	0	0.213658	0	0	0	1	0	0	1
AF	0	0.214457	1	1	0	1	0	0	1
AF	0	0.214856	4	4	0	0	0	0	0
AF	0	0.215256	1	1	0	1	0	0	1
AF	0	0.215655	3	1	2	0	0	0	0
AF	0	0.216054	3	2	1	0	0	0	0
AF	0	0.216454	3	2	1	0	0	0	0
AF	0	0.216853	1	0	1	0	0	0	0
AF	0	0.217252	1	1	0	0	0	0	0
AF	0	0.217652	3	2	1	0	0	0	0
AF	0	0.218051	2	1	1	2	0	0	2
AF	0	0.218850	0	0	0	2	0	0	2
AF	0	0.219249	1	1	0	0	0	0	0
AF	0	0.219649	4	2	2	0	0	0	0
AF	0	0.220048	5	3	2	0	0	0	0
AF	0	0.220447	4	2	2	1	0	0	1
AF	0	0.220847	0	0	0	1	0	0	1
AF	0	0.221246	1	1	0	0	0	0	0
AF	0	0.222045	1	0	1	2	0	0	2
AF	0	0.222444	1	1	0	0	0	0	0
AF	0	0.222843	2	2	0	0	0	0	0
AF	0	0.223243	2	1	1	0	0	0	0
AF	0	0.224042	3	0	3	1	0	0	1
AF	0	0.224441	1	1	0	1	0	0	1
AF	0	0.224840	2	1	1	0	0	0	0
AF	0	0.225240	1	0	1	0	0	0	0
AF	0	0.225639	1	1	0	0	0	0	0
AF	0	0.226038	1	0	1	0	0	0	0
AF	0	0.226438	1	1	0	0	0	0	0
AF	0	0.226837	1	1	0	1	0	0	1
AF	0	0.227636	1	1	0	0	0	0	0
AF	0	0.228035	1	0	1	0	0	0	0
AF	0	0.229233	2	2	0	0	0	0	0
AF	0	0.230431	1	1	0	1	0	0	1
AF	0	0.230831	1	0	1	0	0	0	0
AF	0	0.231230	1	1	0	0	0	0	0
AF	0	0.232827	1	1	0	0	0	0	0
AF	0	0.233626	1	1	0	0	0	0	0
AF	0	0.235623	2	1	1	0	0	0	0
AF	0	0.236022	1	1	0	0	0	0	0
AF	0	0.236821	1	1	0	0	0	0	0
AF	0	0.237220	2	2	0	2	0	0	2
AF	0	0.237620	2	1	1	1	0	0	1
AF	0	0.238818	1	1	0	1	0	0	1
AF	0	0.240016	1	1	0	0	0	0	0
AF	0	0.240415	0	0	0	1	0	0	1
AF	0	0.240815	4	1	3	1	0	0	1
AF	0	0.241214	1	1	0	0	0	0	0
AF	0	0.241613	1	1	0	0	0	0	0
AF	0	0.242013	4	3	1	0	0	0	0
AF	0	0.242412	0	0	0	1	0	0	1
AF	0	0.242812	2	1	1	0	0	0	0
AF	0	0.243211	1	1	0	0	0	0	0
AF	0	0.243610	1	0	1	0	0	0	0
AF	0	0.244010	2	1	1	0	0	0	0
AF	0	0.244409	1	0	1	0	0	0	0
AF	0	0.244808	3	3	0	0	0	0	0
AF	0	0.245607	4	1	3	0	0	0	0
AF	0	0.246006	2	2	0	2	0	0	2
AF	0	0.246406	2	2	0	1	0	0	1
AF	0	0.247204	3	1	2	0	0	0	0
AF	0	0.247604	0	0	0	1	0	0	1
AF	0	0.248003	1	1	0	0	0	0	0
AF	0	0.248403	1	1	0	0	0	0	0
AF	0	0.248802	1	1	0	0	0	0	0
AF	0	0.249201	4	3	1	0	0	0	0
AF	0	0.249601	2	2	0	0	0	0	0
AF	0	0.250000	1	0	1	0	0	0	0
AF	0	0.250399	3	1	2	0	0	0	0
AF	0	0.250799	2	0	2	0	0	0	0
AF	0	0.251198	1	0	1	0	0	0	0
AF	0	0.251597	1	1	0	0	0	0	0
AF	0	0.251997	1	1	0	0	0	0	0
AF	0	0.252396	1	0	1	0	0	0	0
AF	0	0.253195	2	2	0	0	0	0	0
AF	0	0.253594	2	1	1	0	0	0	0
AF	0	0.253994	1	1	0	0	0	0	0
AF	0	0.254393	1	1	0	0	0	0	0
AF	0	0.255192	1	1	0	0	0	0	0
AF	0	0.255990	0	0	0	1	0	0	1
AF	0	0.256390	1	0	1	0	0	0	0
AF	0	0.257188	1	1	0	0	0	0	0
AF	0	0.257987	1	1	0	0	0	0	0
AF	0	0.258387	3	3	0	0	0	0	0
AF	0	0.258786	2	1	1	0	0	0	0
AF	0	0.259185	1	0	1	0	0	0	0
AF	0	0.259984	2	2	0	0	0	0	0
AF	0	0.260383	1	1	0	0	0	0	0
AF	0	0.260783	1	0	1	0	0	0	0
AF	0	0.261182	1	1	0	0	0	0	0
AF	0	0.261981	1	1	0	0	0	0	0
AF	0	0.262380	1	1	0	0	0	0	0
AF	0	0.262780	1	0	1	0	0	0	0
AF	0	0.263179	1	1	0	1	0	0	1
AF	0	0.263578	1	1	0	1	0	0	1
AF	0	0.263978	2	1	1	0	0	0	0
AF	0	0.264377	1	1	0	0	0	0	0
AF	0	0.265176	2	1	1	0	0	0	0
AF	0	0.265575	1	0	1	0	0	0	0
AF	0	0.265974	2	1	1	0	0	0	0
AF	0	0.266374	1	1	0	0	0	0	0
AF	0	0.267173	1	1	0	0	0	0	0
AF	0	0.267971	1	1	0	0	0	0	0
AF	0	0.268770	1	1	0	0	0	0	0
AF	0	0.269569	1	1	0	0	0	0	0
AF	0	0.270767	1	1	0	1	0	0	1
AF	0	0.271965	2	2	0	0	0	0	0
AF	0	0.272364	2	1	1	0	0	0	0
AF	0	0.272764	1	1	0	0	0	0	0
AF	0	0.273163	0	0	0	1	0	0	1
AF	0	0.273962	1	1	0	0	0	0	0
AF	0	0.274361	2	2	0	0	0	0	0
AF	0	0.274760	2	2	0	0	0	0	0
AF	0	0.275160	1	0	1	1	0	0	1
AF	0	0.276358	2	2	0	0	0	0	0
AF	0	0.276757	2	2	0	0	0	0	0
AF	0	0.279952	1	0	1	0	0	0	0
AF	0	0.280751	2	1	1	0	0	0	0
AF	0	0.281150	2	2	0	0	0	0	0
AF	0	0.283147	0	0	0	1	0	0	1
AF	0	0.283546	3	1	2	0	0	0	0
AF	0	0.283946	1	1	0	1	0	0	1
AF	0	0.284744	1	1	0	0	0	0	0
AF	0	0.285144	1	1	0	0	0	0	0
AF	0	0.286342	2	1	1	0	0	0	0
AF	0	0.287141	1	1	0	0	0	0	0
AF	0	0.288339	2	2	0	0	0	0	0
AF	0	0.288738	1	1	0	0	0	0	0
AF	0	0.289137	2	1	1	0	0	0	0
AF	0	0.290735	2	2	0	0	0	0	0
AF	0	0.291534	0	0	0	1	0	0	1
AF	0	0.291933	1	1	0	0	0	0	0
AF	0	0.292332	3	3	0	1	0	0	1
AF	0	0.292732	1	0	1	1	0	0	1
AF	0	0.293131	2	2	0	0	0	0	0
AF	0	0.293530	1	1	0	0	0	0	0
AF	0	0.293930	4	0	4	0	0	0	0
AF	0	0.294329	0	0	0	1	0	0	1
AF	0	0.294728	1	1	0	0	0	0	0
AF	0	0.295128	3	2	1	0	0	0	0
AF	0	0.295927	4	1	3	0	0	0	0
AF	0	0.296326	1	0	1	0	0	0	0
AF	0	0.297524	1	1	0	0	0	0	0
AF	0	0.297923	1	1	0	0	0	0	0
AF	0	0.298323	0	0	0	1	0	0	1
AF	0	0.299121	1	1	0	0	0	0	0
AF	0	0.299920	1	1	0	0	0	0	0
AF	0	0.300319	2	1	1	0	0	0	0
AF	0	0.300719	0	0	0	1	0	0	1
AF	0	0.301518	4	4	0	0	0	0	0
AF	0	0.302316	3	2	1	1	0	0	1
AF	0	0.302716	3	2	1	0	0	0	0
AF	0	0.303115	3	0	3	0	0	0	0
AF	0	0.304712	1	1	0	1	0	0	1
AF	0	0.305112	1	1	0	0	0	0	0
AF	0	0.307109	1	1	0	0	0	0	0
AF	0	0.307907	0	0	0	1	0	0	1
AF	0	0.309505	2	2	0	1	0	0	1
AF	0	0.310304	1	1	0	0	0	0	0
AF	0	0.311102	2	1	1	0	0	0	0
AF	0	0.311901	2	2	0	0	0	0	0
AF	0	0.312300	1	1	0	1	0	0	1
AF	0	0.312700	1	1	0	0	0	0	0
AF	0	0.313099	1	1	0	0	0	0	0
AF	0	0.313898	2	0	2	0	0	0	0
AF	0	0.314297	3	1	2	0	0	0	0
AF	0	0.314696	2	1	1	0	0	0	0
AF	0	0.315895	2	2	0	0	0	0	0
AF	0	0.316294	1	0	1	0	0	0	0
AF	0	0.316693	1	0	1	1	0	0	1
AF	0	0.317492	2	1	1	0	0	0	0
AF	0	0.317891	2	2	0	2	0	0	2
AF	0	0.318291	2	2	0	0	0	0	0
AF	0	0.319089	3	1	2	0	0	0	0
AF	0	0.319888	3	2	1	0	0	0	0
AF	0	0.320288	1	1	0	0	0	0	0
AF	0	0.320687	0	0	0	1	0	0	1
AF	0	0.321486	0	0	0	1	0	0	1
AF	0	0.321885	0	0	0	1	0	0	1
AF	0	0.322284	0	0	0	1	0	0	1
AF	0	0.322684	1	1	0	0	0	0	0
AF	0	0.323083	1	1	0	0	0	0	0
AF	0	0.323482	1	0	1	0	0	0	0
AF	0	0.323882	2	1	1	1	0	0	1
AF	0	0.324281	2	2	0	0	0	0	0
AF	0	0.324681	1	1	0	0	0	0	0
AF	0	0.325080	1	1	0	0	0	0	0
AF	0	0.325479	3	1	2	0	0	0	0
AF	0	0.326278	4	4	0	0	0	0	0
AF	0	0.326677	3	3	0	2	0	0	2
AF	0	0.327476	0	0	0	1	0	0	1
AF	0	0.327875	1	0	1	1	0	0	1
AF	0	0.328275	1	1	0	0	0	0	0
AF	0	0.328674	2	0	2	0	0	0	0
AF	0	0.329872	1	1	0	0	0	0	0
AF	0	0.330671	1	1	0	0	0	0	0
AF	0	0.331470	1	1	0	0	0	0	0
AF	0	0.331869	0	0	0	1	0	0	1
AF	0	0.332268	2	0	2	1	0	0	1
AF	0	0.332668	0	0	0	1	0	0	1
AF	0	0.333866	1	1	0	1	0	0	1
AF	0	0.335064	4	2	2	0	0	0	0
AF	0	0.335863	1	0	1	0	0	0	0
AF	0	0.336661	1	1	0	0	0	0	0
AF	0	0.337460	1	1	0	0	0	0	0
AF	0	0.337859	1	1	0	0	0	0	0
AF	0	0.340256	2	1	1	1	0	0	1
AF	0	0.341454	2	1	1	0	0	0	0
AF	0	0.342252	1	1	0	0	0	0	0
AF	0	0.342652	0	0	0	1	0	0	1
AF	0	0.343450	2	1	1	0	0	0	0
AF	0	0.343850	1	1	0	0	0	0	0
AF	0	0.344249	1	1	0	0	0	0	0
AF	0	0.344649	3	2	1	0	0	0	0
AF	0	0.345048	1	1	0	0	0	0	0
AF	0	0.345447	2	1	1	0	0	0	0
AF	0	0.346246	1	1	0	0	0	0	0
AF	0	0.347045	2	1	1	0	0	0	0
AF	0	0.347843	3	2	1	0	0	0	0
AF	0	0.348243	2	1	1	0	0	0	0
AF	0	0.348642	2	1	1	0	0	0	0
AF	0	0.349042	2	1	1	0	0	0	0
AF	0	0.350639	1	0	1	0	0	0	0
AF	0	0.351038	0	0	0	1	0	0	1
AF	0	0.351438	1	0	1	0	0	0	0
AF	0	0.351837	1	1	0	0	0	0	0
AF	0	0.352236	0	0	0	1	0	0	1
AF	0	0.352636	1	1	0	0	0	0	0
AF	0	0.353035	1	1	0	0	0	0	0
AF	0	0.353435	1	1	0	0	0	0	0
AF	0	0.353834	5	4	1	0	0	0	0
AF	0	0.354233	2	2	0	0	0	0	0
AF	0	0.354633	3	3	0	0	0	0	0
AF	0	0.355032	3	3	0	0	0	0	0
AF	0	0.355431	2	1	1	2	0	0	2
AF	0	0.355831	1	1	0	0	0	0	0
AF	0	0.356230	1	0	1	0	0	0	0
AF	0	0.356629	1	1	0	0	0	0	0
AF	0	0.357428	2	2	0	0	0	0	0
AF	0	0.358227	0	0	0	1	0	0	1
AF	0	0.358626	1	0	1	0	0	0	0
AF	0	0.359026	3	3	0	0	0	0	0
AF	0	0.359425	2	2	0	0	0	0	0
AF	0	0.359824	1	1	0	0	0	0	0
AF	0	0.361022	1	1	0	0	0	0	0
AF	0	0.362620	1	0	1	0	0	0	0
AF	0	0.363419	1	1	0	0	0	0	0
AF	0	0.363818	3	2	1	0	0	0	0
AF	0	0.364217	2	2	0	1	0	0	1
AF	0	0.366613	1	0	1	0	0	0	0
AF	0	0.367812	1	0	1	0	0	0	0
AF	0	0.368610	1	1	0	0	0	0	0
AF	0	0.371006	1	1	0	0	0	0	0
AF	0	0.371805	1	1	0	0	0	0	0
AF	0	0.373403	1	1	0	0	0	0	0
AF	0	0.373802	2	1	1	1	0	0	1
AF	0	0.375000	1	1	0	2	0	0	2
AF	0	0.375399	1	1	0	0	0	0	0
AF	0	0.375799	1	1	0	0	0	0	0
AF	0	0.376198	2	2	0	1	0	0	1
AF	0	0.376597	1	0	1	0	0	0	0
AF	0	0.376997	2	2	0	0	0	0	0
AF	0	0.377396	1	0	1	0	0	0	0
AF	0	0.377796	2	1	1	0	0	0	0
AF	0	0.378195	2	0	2	0	0	0	0
AF	0	0.378994	3	1	2	0	0	0	0
AF	0	0.379393	1	0	1	0	0	0	0
AF	0	0.379792	1	1	0	0	0	0	0
AF	0	0.380192	2	1	1	0	0	0	0
AF	0	0.380591	1	1	0	0	0	0	0
AF	0	0.384585	1	1	0	0	0	0	0
AF	0	0.384984	2	1	1	0	0	0	0
AF	0	0.385383	1	1	0	0	0	0	0
AF	0	0.385783	1	0	1	0	0	0	0
AF	0	0.386182	2	1	1	0	0	0	0
AF	0	0.386581	1	1	0	0	0	0	0
AF	0	0.386981	3	1	2	1	0	0	1
AF	0	0.387380	0	0	0	1	0	0	1
AF	0	0.387780	1	1	0	0	0	0	0
AF	0	0.388578	1	0	1	0	0	0	0
AF	0	0.389776	0	0	0	1	0	0	1
AF	0	0.390575	0	0	0	1	0	0	1
AF	0	0.391773	1	1	0	1	0	0	1
AF	0	0.392173	1	1	0	0	0	0	0
AF	0	0.393770	2	2	0	0	0	0	0
AF	0	0.394569	1	1	0	0	0	0	0
AF	0	0.395367	1	0	1	0	0	0	0
AF	0	0.395767	1	0	1	0	0	0	0
AF	0	0.396565	1	1	0	0	0	0	0
AF	0	0.397764	1	0	1	1	0	0	1
AF	0	0.401358	1	1	0	0	0	0	0
AF	0	0.403754	1	1	0	0	0	0	0
AF	0	0.404553	1	1	0	0	0	0	0
AF	0	0.404952	1	1	0	0	0	0	0
AF	0	0.405751	1	1	0	0	0	0	0
AF	0	0.406150	0	0	0	1	0	0	1
AF	0	0.407348	1	1	0	0	0	0	0
AF	0	0.407748	2	2	0	0	0	0	0
AF	0	0.408147	2	1	1	0	0	0	0
AF	0	0.408946	0	0	0	1	0	0	1
AF	0	0.409345	2	2	0	0	0	0	0
AF	0	0.409744	2	1	1	0	0	0	0
AF	0	0.410144	1	0	1	0	0	0	0
AF	0	0.410942	2	0	2	0	0	0	0
AF	0	0.412141	1	0	1	0	0	0	0
AF	0	0.412540	1	1	0	1	0	0	1
AF	0	0.412939	2	1	1	0	0	0	0
AF	0	0.413738	1	1	0	0	0	0	0
AF	0	0.414936	0	0	0	1	0	0	1
AF	0	0.415335	1	0	1	0	0	0	0
AF	0	0.416534	2	2	0	1	0	0	1
AF	0	0.417332	1	1	0	0	0	0	0
AF	0	0.419329	1	1	0	0	0	0	0
AF	0	0.419728	1	1	0	0	0	0	0
AF	0	0.421725	1	0	1	0	0	0	0
AF	0	0.423323	1	1	0	0	0	0	0
AF	0	0.423722	1	1	0	1	0	0	1
AF	0	0.424920	1	1	0	0	0	0	0
AF	0	0.429313	0	0	0	1	0	0	1
AF	0	0.432508	1	1	0	0	0	0	0
AF	0	0.432907	1	1	0	0	0	0	0
AF	0	0.433706	1	1	0	0	0	0	0
AF	0	0.436502	1	1	0	0	0	0	0
AF	0	0.439297	1	0	1	0	0	0	0
AF	0	0.440495	1	1	0	0	0	0	0
AF	0	0.442492	1	0	1	0	0	0	0
AF	0	0.444489	0	0	0	1	0	0	1
AF	0	0.444888	2	1	1	0	0	0	0
AF	0	0.446486	1	0	1	0	0	0	0
AF	0	0.447284	1	1	0	0	0	0	0
AF	0	0.448083	2	1	1	0	0	0	0
AF	0	0.448882	2	0	2	0	0	0	0
AF	0	0.449281	1	1	0	0	0	0	0
AF	0	0.450879	1	0	1	0	0	0	0
AF	0	0.452077	1	0	1	0	0	0	0
AF	0	0.453275	1	1	0	0	0	0	0
AF	0	0.453674	1	1	0	0	0	0	0
AF	0	0.454473	1	1	0	0	0	0	0
AF	0	0.455272	1	1	0	0	0	0	0
AF	0	0.455671	1	1	0	0	0	0	0
AF	0	0.456070	2	2	0	0	0	0	0
AF	0	0.456470	1	0	1	0	0	0	0
AF	0	0.457268	1	1	0	0	0	0	0
AF	0	0.458067	3	2	1	0	0	0	0
AF	0	0.458466	1	0	1	0	0	0	0
AF	0	0.458866	1	1	0	0	0	0	0
AF	0	0.459265	2	2	0	0	0	0	0
AF	0	0.460064	1	1	0	0	0	0	0
AF	0	0.460463	1	0	1	0	0	0	0
AF	0	0.461262	2	1	1	0	0	0	0
AF	0	0.461661	3	3	0	1	0	0	1
AF	0	0.462061	3	3	0	0	0	0	0
AF	0	0.463658	1	1	0	0	0	0	0
AF	0	0.464856	1	1	0	0	0	0	0
AF	0	0.465256	2	2	0	0	0	0	0
AF	0	0.466054	1	0	1	0	0	0	0
AF	0	0.466454	0	0	0	1	0	0	1
AF	0	0.466853	2	1	1	0	0	0	0
AF	0	0.467252	2	2	0	0	0	0	0
AF	0	0.467652	0	0	0	1	0	0	1
AF	0	0.469649	1	1	0	0	0	0	0
AF	0	0.473642	2	2	0	0	0	0	0
AF	0	0.474042	1	1	0	0	0	0	0
AF	0	0.474441	3	3	0	0	0	0	0
AF	0	0.476038	2	2	0	0	0	0	0
AF	0	0.476837	3	2	1	0	0	0	0
AF	0	0.477236	0	0	0	1	0	0	1
AF	0	0.477636	1	1	0	0	0	0	0
AF	0	0.478035	1	0	1	0	0	0	0
AF	0	0.478435	2	2	0	0	0	0	0
AF	0	0.479633	1	0	1	0	0	0	0
AF	0	0.481230	3	2	1	0	0	0	0
AF	0	0.481629	0	0	0	1	0	0	1
AF	0	0.482029	1	1	0	0	0	0	0
AF	0	0.482428	2	2	0	0	0	0	0
AF	0	0.483626	3	3	0	0	0	0	0
AF	0	0.484824	1	1	0	0	0	0	0
AF	0	0.485623	1	1	0	0	0	0	0
AF	0	0.486022	1	1	0	0	0	0	0
AF	0	0.487220	1	1	0	0	0	0	0
AF	0	0.488419	0	0	0	1	0	0	1
AF	0	0.489217	0	0	0	1	0	0	1
AF	0	0.489617	1	0	1	0	0	0	0
AF	0	0.490815	1	1	0	0	0	0	0
AF	0	0.491214	1	0	1	0	0	0	0
AF	0	0.494409	1	0	1	0	0	0	0
AF	0	0.494808	2	2	0	0	0	0	0
AF	0	0.495208	1	0	1	0	0	0	0
AF	0	0.496406	1	1	0	0	0	0	0
AF	0	0.497204	1	1	0	0	0	0	0
AF	0	0.497604	1	0	1	0	0	0	0
AF	0	0.499201	1	1	0	0	0	0	0
AF	0	0.500000	1	1	0	0	0	0	0
AF	0	0.501198	2	1	1	0	0	0	0
AF	0	0.502796	1	1	0	0	0	0	0
AF	0	0.503594	2	2	0	0	0	0	0
AF	0	0.504792	1	1	0	0	0	0	0
AF	0	0.505192	1	1	0	0	0	0	0
AF	0	0.506390	1	1	0	0	0	0	0
AF	0	0.506789	3	2	1	0	0	0	0
AF	0	0.507588	1	1	0	0	0	0	0
AF	0	0.507987	3	2	1	0	0	0	0
AF	0	0.508387	2	1	1	0	0	0	0
AF	0	0.509185	3	3	0	0	0	0	0
AF	0	0.509984	2	1	1	0	0	0	0
AF	0	0.515575	10	10	0	0	0	0	0
AF	0	0.516374	7	4	3	0	0	0	0
AF	0	0.517173	2	2	0	0	0	0	0
AF	0	0.517572	2	2	0	0	0	0	0
AF	0	0.517971	4	3	1	0	0	0	0
AF	0	0.518371	1	0	1	0	0	0	0
AF	0	0.518770	1	0	1	0	0	0	0
AF	0	0.519169	2	0	2	0	0	0	0
AF	0	0.519569	1	1	0	0	0	0	0
AF	0	0.519968	1	1	0	0	0	0	0
AF	0	0.520767	1	1	0	0	0	0	0
AF	0	0.521565	1	1	0	0	0	0	0
AF	0	0.522364	2	1	1	0	0	0	0
AF	0	0.522764	2	1	1	0	0	0	0
AF	0	0.523163	0	0	0	1	0	0	1
AF	0	0.524760	1	0	1	0	0	0	0
AF	0	0.525160	1	1	0	0	0	0	0
AF	0	0.526757	2	1	1	0	0	0	0
AF	0	0.529553	5	5	0	0	0	0	0
AF	0	0.529952	1	1	0	1	0	0	1
AF	0	0.531150	4	2	2	0	0	0	0
AF	0	0.533147	0	0	0	1	0	0	1
AF	0	0.533946	2	1	1	0	0	0	0
AF	0	0.534345	3	2	1	0	0	0	0
AF	0	0.535144	3	3	0	0	0	0	0
AF	0	0.535543	1	1	0	0	0	0	0
AF	0	0.537540	1	1	0	0	0	0	0
AF	0	0.537939	1	1	0	1	0	0	1
AF	0	0.538738	1	1	0	0	0	0	0
AF	0	0.539537	1	1	0	0	0	0	0
AF	0	0.539936	1	1	0	0	0	0	0
AF	0	0.541933	1	0	1	0	0	0	0
AF	0	0.542732	0	0	0	1	0	0	1
AF	0	0.544728	1	1	0	0	0	0	0
AF	0	0.545128	1	1	0	0	0	0	0
AF	0	0.545527	2	2	0	0	0	0	0
AF	0	0.545927	1	1	0	1	0	0	1
AF	0	0.546725	1	0	1	0	0	0	0
AF	0	0.547524	1	1	0	0	0	0	0
AF	0	0.548323	1	1	0	0	0	0	0
AF	0	0.548722	3	2	1	0	0	0	0
AF	0	0.549121	1	1	0	0	0	0	0
AF	0	0.549920	1	0	1	0	0	0	0
AF	0	0.551917	2	1	1	0	0	0	0
AF	0	0.552316	1	1	0	0	0	0	0
AF	0	0.553514	1	0	1	0	0	0	0
AF	0	0.553914	2	1	1	0	0	0	0
AF	0	0.554313	1	1	0	0	0	0	0
AF	0	0.554712	1	1	0	0	0	0	0
AF	0	0.556310	2	1	1	0	0	0	0
AF	0	0.556709	2	0	2	0	0	0	0
AF	0	0.557109	1	0	1	0	0	0	0
AF	0	0.557907	3	3	0	0	0	0	0
AF	0	0.558307	1	0	1	0	0	0	0
AF	0	0.558706	2	0	2	0	0	0	0
AF	0	0.559904	1	1	0	0	0	0	0
AF	0	0.560304	1	1	0	0	0	0	0
AF	0	0.563099	1	1	0	0	0	0	0
AF	0	0.564297	1	0	1	0	0	0	0
AF	0	0.564696	1	0	1	0	0	0	0
AF	0	0.565096	2	1	1	0	0	0	0
AF	0	0.565895	1	1	0	0	0	0	0
AF	0	0.566294	2	2	0	0	0	0	0
AF	0	0.567492	1	1	0	0	0	0	0
AF	0	0.568291	2	2	0	0	0	0	0
AF	0	0.571086	1	1	0	0	0	0	0
AF	0	0.571486	2	1	1	0	0	0	0
AF	0	0.572684	1	1	0	0	0	0	0
AF	0	0.573882	1	1	0	0	0	0	0
AF	0	0.574281	1	1	0	0	0	0	0
AF	0	0.574681	3	2	1	0	0	0	0
AF	0	0.576278	1	1	0	0	0	0	0
AF	0	0.577875	1	0	1	0	0	0	0
AF	0	0.579073	1	1	0	0	0	0	0
AF	0	0.579473	1	0	1	0	0	0	0
AF	0	0.581470	1	1	0	0	0	0	0
AF	0	0.582668	1	0	1	0	0	0	0
AF	0	0.583866	1	1	0	0	0	0	0
AF	0	0.588259	2	1	1	0	0	0	0
AF	0	0.589457	1	0	1	0	0	0	0
AF	0	0.589856	2	1	1	0	0	0	0
AF	0	0.590256	1	1	0	0	0	0	0
AF	0	0.590655	0	0	0	1	0	0	1
AF	0	0.591054	2	1	1	0	0	0	0
AF	0	0.593051	1	1	0	1	0	0	1
AF	0	0.595048	0	0	0	1	0	0	1
AF	0	0.595847	2	1	1	0	0	0	0
AF	0	0.597843	1	1	0	0	0	0	0
AF	0	0.598642	1	0	1	0	0	0	0
AF	0	0.599441	1	1	0	0	0	0	0
AF	0	0.601038	1	1	0	0	0	0	0
AF	0	0.601438	1	0	1	0	0	0	0
AF	0	0.603035	1	1	0	0	0	0	0
AF	0	0.603834	2	2	0	0	0	0	0
AF	0	0.604633	1	0	1	0	0	0	0
AF	0	0.605831	1	1	0	0	0	0	0
AF	0	0.606230	1	0	1	0	0	0	0
AF	0	0.607029	2	2	0	0	0	0	0
AF	0	0.611821	0	0	0	1	0	0	1
AF	0	0.612220	1	1	0	0	0	0	0
AF	0	0.612620	1	0	1	0	0	0	0
AF	0	0.614617	0	0	0	1	0	0	1
AF	0	0.615815	1	1	0	0	0	0	0
AF	0	0.616613	1	1	0	0	0	0	0
AF	0	0.617013	1	1	0	0	0	0	0
AF	0	0.617812	1	1	0	0	0	0	0
AF	0	0.619010	1	1	0	0	0	0	0
AF	0	0.621006	1	1	0	0	0	0	0
AF	0	0.623802	1	1	0	0	0	0	0
AF	0	0.624201	1	1	0	0	0	0	0
AF	0	0.626997	1	0	1	0	0	0	0
AF	0	0.628195	3	2	1	0	0	0	0
AF	0	0.632188	0	0	0	1	0	0	1
AF	0	0.632987	1	1	0	0	0	0	0
AF	0	0.633387	1	1	0	0	0	0	0
AF	0	0.633786	1	1	0	0	0	0	0
AF	0	0.634185	1	1	0	0	0	0	0
AF	0	0.636182	0	0	0	1	0	0	1
AF	0	0.638978	1	1	0	0	0	0	0
AF	0	0.639377	1	1	0	0	0	0	0
AF	0	0.640176	1	1	0	0	0	0	0
AF	0	0.641374	4	3	1	0	0	0	0
AF	0	0.641773	2	1	1	0	0	0	0
AF	0	0.642173	1	0	1	0	0	0	0
AF	0	0.642971	1	1	0	0	0	0	0
AF	0	0.643770	1	1	0	0	0	0	0
AF	0	0.644968	1	0	1	0	0	0	0
AF	0	0.645367	2	1	1	0	0	0	0
AF	0	0.645767	2	2	0	0	0	0	0
AF	0	0.646166	1	1	0	1	0	0	1
AF	0	0.646565	1	1	0	0	0	0	0
AF	0	0.646965	1	0	1	1	0	0	1
AF	0	0.650160	1	1	0	0	0	0	0
AF	0	0.651358	3	1	2	0	0	0	0
AF	0	0.653355	1	0	1	0	0	0	0
AF	0	0.654153	2	2	0	0	0	0	0
AF	0	0.656150	2	1	1	0	0	0	0
AF	0	0.660942	1	1	0	0	0	0	0
AF	0	0.662540	1	1	0	0	0	0	0
AF	0	0.663339	2	1	1	0	0	0	0
AF	0	0.665735	0	0	0	1	0	0	1
AF	0	0.666933	0	0	0	1	0	0	1
AF	0	0.667732	1	1	0	0	0	0	0
AF	0	0.668131	1	0	1	0	0	0	0
AF	0	0.669329	1	1	0	0	0	0	0
AF	0	0.672524	1	0	1	0	0	0	0
AF	0	0.674121	0	0	0	1	0	0	1
AF	0	0.674521	1	1	0	0	0	0	0
AF	0	0.674920	1	0	1	0	0	0	0
AF	0	0.675319	1	1	0	0	0	0	0
AF	0	0.676118	0	0	0	1	0	0	1
AF	0	0.678914	1	1	0	0	0	0	0
AF	0	0.679313	1	0	1	0	0	0	0
AF	0	0.680112	2	1	1	0	0	0	0
AF	0	0.680511	1	0	1	0	0	0	0
AF	0	0.683307	1	0	1	0	0	0	0
AF	0	0.684105	1	0	1	0	0	0	0
AF	0	0.686502	1	1	0	0	0	0	0
AF	0	0.687300	0	0	0	1	0	0	1
AF	0	0.687700	0	0	0	1	0	0	1
AF	0	0.692891	1	1	0	0	0	0	0
AF	0	0.693690	1	0	1	0	0	0	0
AF	0	0.694089	1	1	0	0	0	0	0
AF	0	0.695288	2	2	0	0	0	0	0
AF	0	0.698083	1	0	1	0	0	0	0
AF	0	0.700479	1	1	0	0	0	0	0
AF	0	0.701278	0	0	0	1	0	0	1
AF	0	0.703275	0	0	0	2	0	0	2
AF	0	0.703674	1	0	1	0	0	0	0
AF	0	0.704073	4	4	0	0	0	0	0
AF	0	0.704473	1	1	0	0	0	0	0
AF	0	0.704872	1	0	1	0	0	0	0
AF	0	0.705671	2	1	1	0	0	0	0
AF	0	0.707668	1	1	0	0	0	0	0
AF	0	0.708866	2	2	0	0	0	0	0
AF	0	0.709665	1	0	1	0	0	0	0
AF	0	0.714058	1	0	1	0	0	0	0
AF	0	0.716454	2	2	0	0	0	0	0
AF	0	0.716853	1	1	0	0	0	0	0
AF	0	0.717652	1	1	0	0	0	0	0
AF	0	0.718051	0	0	0	1	0	0	1
AF	0	0.719249	1	1	0	0	0	0	0
AF	0	0.720048	1	1	0	0	0	0	0
AF	0	0.720447	1	1	0	0	0	0	0
AF	0	0.720847	1	1	0	0	0	0	0
AF	0	0.724840	1	1	0	0	0	0	0
AF	0	0.728435	1	1	0	0	0	0	0
AF	0	0.731230	0	0	0	1	0	0	1
AF	0	0.735224	1	1	0	0	0	0	0
AF	0	0.735623	1	0	1	0	0	0	0
AF	0	0.740016	1	1	0	0	0	0	0
AF	0	0.748403	2	2	0	0	0	0	0
AF	0	0.748802	1	1	0	0	0	0	0
AF	0	0.751198	1	1	0	0	0	0	0
AF	0	0.751997	1	1	0	0	0	0	0
AF	0	0.752796	1	1	0	0	0	0	0
AF	0	0.753594	1	1	0	0	0	0	0
AF	0	0.753994	1	1	0	0	0	0	0
AF	0	0.754393	2	2	0	0	0	0	0
AF	0	0.763978	1	1	0	0	0	0	0
AF	0	0.765176	0	0	0	1	0	0	1
AF	0	0.766374	1	1	0	0	0	0	0
AF	0	0.767173	1	1	0	0	0	0	0
AF	0	0.767572	1	1	0	0	0	0	0
AF	0	0.774760	1	1	0	0	0	0	0
AF	0	0.776358	1	1	0	0	0	0	0
AF	0	0.777157	1	1	0	0	0	0	0
AF	0	0.777556	1	1	0	0	0	0	0
AF	0	0.777955	0	0	0	1	0	0	1
AF	0	0.779153	1	0	1	0	0	0	0
AF	0	0.781150	1	0	1	0	0	0	0
AF	0	0.781949	1	0	1	0	0	0	0
AF	0	0.787540	1	0	1	0	0	0	0
AF	0	0.793930	1	0	1	0	0	0	0
AF	0	0.795527	1	1	0	0	0	0	0
AF	0	0.802316	0	0	0	1	0	0	1
AF	0	0.803115	1	1	0	0	0	0	0
AF	0	0.803514	1	1	0	0	0	0	0
AF	0	0.803914	1	1	0	0	0	0	0
AF	0	0.804313	1	1	0	0	0	0	0
AF	0	0.804712	2	2	0	0	0	0	0
AF	0	0.806709	1	1	0	0	0	0	0
AF	0	0.807109	1	0	1	0	0	0	0
AF	0	0.809105	1	1	0	0	0	0	0
AF	0	0.809904	2	2	0	0	0	0	0
AF	0	0.810304	4	3	1	0	0	0	0
AF	0	0.811502	1	1	0	0	0	0	0
AF	0	0.812300	1	1	0	0	0	0	0
AF	0	0.813898	1	1	0	0	0	0	0
AF	0	0.815096	1	1	0	0	0	0	0
AF	0	0.821086	3	1	2	0	0	0	0
AF	0	0.822284	1	0	1	0	0	0	0
AF	0	0.831470	1	0	1	0	0	0	0
AF	0	0.832268	1	0	1	0	0	0	0
AF	0	0.832668	1	0	1	2	0	0	2
AF	0	0.835064	3	2	1	0	0	0	0
AF	0	0.835463	1	0	1	0	0	0	0
AF	0	0.836661	1	0	1	0	0	0	0
AF	0	0.841454	0	0	0	1	0	0	1
AF	0	0.846246	1	1	0	0	0	0	0
AF	0	0.846645	1	1	0	0	0	0	0
AF	0	0.847045	1	1	0	0	0	0	0
AF	0	0.849441	1	1	0	0	0	0	0
AF	0	0.849840	1	0	1	0	0	0	0
AF	0	0.851438	1	1	0	0	0	0	0
AF	0	0.852236	1	1	0	0	0	0	0
AF	0	0.852636	0	0	0	1	0	0	1
AF	0	0.853834	0	0	0	1	0	0	1
AF	0	0.855831	1	1	0	0	0	0	0
AF	0	0.856629	1	1	0	0	0	0	0
AF	0	0.857029	1	1	0	0	0	0	0
AF	0	0.859425	1	1	0	0	0	0	0
AF	0	0.860224	1	1	0	0	0	0	0
AF	0	0.860623	2	2	0	0	0	0	0
AF	0	0.861022	1	1	0	0	0	0	0
AF	0	0.861422	0	0	0	1	0	0	1
AF	0	0.865415	1	1	0	0	0	0	0
AF	0	0.865815	0	0	0	2	0	0	2
AF	0	0.868211	0	0	0	1	0	0	1
AF	0	0.869010	1	0	1	0	0	0	0
AF	0	0.869409	1	1	0	0	0	0	0
AF	0	0.869808	0	0	0	3	0	0	3
AF	0	0.870208	5	5	0	0	0	0	0
AF	0	0.870607	2	2	0	0	0	0	0
AF	0	0.872604	1	0	1	0	0	0	0
AF	0	0.873003	1	1	0	0	0	0	0
AF	0	0.874601	0	0	0	1	0	0	1
AF	0	0.880192	1	0	1	0	0	0	0
AF	0	0.880591	1	1	0	1	0	0	1
AF	0	0.881390	0	0	0	1	0	0	1
AF	0	0.881789	1	1	0	0	0	0	0
AF	0	0.883387	1	1	0	1	0	0	1
AF	0	0.884185	1	1	0	0	0	0	0
AF	0	0.884984	2	2	0	0	0	0	0
AF	0	0.885783	1	1	0	1	0	0	1
AF	0	0.886182	1	0	1	1	0	0	1
AF	0	0.886581	1	0	1	0	0	0	0
AF	0	0.886981	1	1	0	0	0	0	0
AF	0	0.888179	1	1	0	0	0	0	0
AF	0	0.888978	1	1	0	0	0	0	0
AF	0	0.890176	1	0	1	0	0	0	0
AF	0	0.890974	1	0	1	0	0	0	0
AF	0	0.891374	1	1	0	0	0	0	0
AF	0	0.892572	2	1	1	0	0	0	0
AF	0	0.894169	1	1	0	0	0	0	0
AF	0	0.896565	1	1	0	0	0	0	0
AF	0	0.902157	1	1	0	0	0	0	0
AF	0	0.904553	0	0	0	1	0	0	1
AF	0	0.912141	1	1	0	0	0	0	0
AF	0	0.914537	1	1	0	0	0	0	0
AF	0	0.923722	0	0	0	1	0	0	1
AF	0	0.925319	1	1	0	0	0	0	0
AF	0	0.930112	0	0	0	1	0	0	1
AF	0	0.930911	0	0	0	1	0	0	1
AF	0	0.931310	1	0	1	0	0	0	0
AF	0	0.932109	1	0	1	0	0	0	0
AF	0	0.935304	1	0	1	0	0	0	0
AF	0	0.937700	1	0	1	0	0	0	0
AF	0	0.938099	1	0	1	0	0	0	0
AF	0	0.940096	1	0	1	0	0	0	0
AF	0	0.942093	1	1	0	0	0	0	0
AF	0	0.942492	1	1	0	0	0	0	0
AF	0	0.942891	1	1	0	0	0	0	0
AF	0	0.944489	1	1	0	0	0	0	0
AF	0	0.948482	1	0	1	0	0	0	0
AF	0	0.948882	2	1	1	0	0	0	0
AF	0	0.949281	0	0	0	1	0	0	1
AF	0	0.949681	3	1	2	1	0	0	1
AF	0	0.950080	0	0	0	1	0	0	1
AF	0	0.950479	1	0	1	0	0	0	0
AF	0	0.950879	2	1	1	0	0	0	0
AF	0	0.951677	1	1	0	0	0	0	0
AF	0	0.953275	0	0	0	1	0	0	1
AF	0	0.954872	2	2	0	0	0	0	0
AF	0	0.956470	1	1	0	0	0	0	0
AF	0	0.958866	2	1	1	1	0	0	1
AF	0	0.959265	1	1	0	0	0	0	0
AF	0	0.960463	1	0	1	0	0	0	0
AF	0	0.960863	4	3	1	1	0	0	1
AF	0	0.961661	1	1	0	0	0	0	0
AF	0	0.962859	1	0	1	0	0	0	0
AF	0	0.967252	0	0	0	1	0	0	1
AF	0	0.968450	0	0	0	1	0	0	1
AF	0	0.972045	1	1	0	0	0	0	0
AF	0	0.972444	0	0	0	1	0	0	1
AF	0	0.974840	0	0	0	1	0	0	1
AF	0	0.975639	1	1	0	0	0	0	0
AF	0	0.976837	2	1	1	0	0	0	0
AF	0	0.977236	2	0	2	0	0	0	0
AF	0	0.978035	1	1	0	0	0	0	0
AF	0	0.978435	2	0	2	0	0	0	0
AF	0	0.979233	1	1	0	0	0	0	0
AF	0	0.980831	1	1	0	0	0	0	0
AF	0	0.982029	1	1	0	0	0	0	0
AF	0	0.982428	1	0	1	0	0	0	0
AF	0	0.982827	1	1	0	0	0	0	0
AF	0	0.984425	0	0	0	1	0	0	1
AF	0	0.984824	1	0	1	0	0	0	0
AF	0	0.986821	1	1	0	0	0	0	0
AF	0	0.987620	0	0	0	1	0	0	1
AF	0	0.989217	2	1	1	1	0	0	1
AF	0	0.989617	4	3	1	0	0	0	0
AF	0	0.990415	0	0	0	1	0	0	1
AF	0	0.991613	1	1	0	0	0	0	0
AF	0	0.992013	1	1	0	0	0	0	0
AF	0	0.994010	2	0	2	0	0	0	0
AF	0	0.994409	2	1	1	0	0	0	0
AF	0	0.995208	1	1	0	0	0	0	0
AF	0	0.996805	2	1	1	0	0	0	0
AF	0	0.997604	2	0	2	1	0	0	1
AF	0	0.999201	4	3	1	1	0	0	1
AF	0	0.999601	35	15	20	7	0	0	7
# QUAL, Stats by quality
# QUAL	[2]id	[3]Quality	[4]number of SNPs	[5]number of transitions (1st ALT)	[6]number of transversions (1st ALT)	[7]number of indels
QUAL	0	100.0	21516	15452	6064	866
# IDD, InDel distribution:
# IDD	[2]id	[3]length (deletions negative)	[4]number of sites	[5]number of genotypes	[6]mean VAF
IDD	0	-38	1	0	.
IDD	0	-35	1	0	.
IDD	0	-27	2	0	.
IDD	0	-22	1	0	.
IDD	0	-21	1	0	.
IDD	0	-20	2	0	.
IDD	0	-19	3	0	.
IDD	0	-18	2	0	.
IDD	0	-17	3	0	.
IDD	0	-16	3	0	.
IDD	0	-15	4	0	.
IDD	0	-14	1	0	.
IDD	0	-13	2	0	.
IDD	0	-12	7	0	.
IDD	0	-11	2	0	.
IDD	0	-10	4	0	.
IDD	0	-9	6	0	.
IDD	0	-8	7	0	.
IDD	0	-7	6	0	.
IDD	0	-6	9	0	.
IDD	0	-5	19	0	.
IDD	0	-4	45	0	.
IDD	0	-3	51	0	.
IDD	0	-2	111	0	.
IDD	0	-1	254	0	.
IDD	0	1	192	0	.
IDD	0	2	49	0	.
IDD	0	3	32	0	.
IDD	0	4	32	0	.
IDD	0	5	6	0	.
IDD	0	6	14	0	.
IDD	0	8	1	0	.
IDD	0	9	2	0	.
IDD	0	10	2	0	.
IDD	0	12	2	0	.
IDD	0	13	2	0	.
IDD	0	15	1	0	.
IDD	0	16	1	0	.
IDD	0	18	1	0	.
IDD	0	25	3	0	.
IDD	0	28	2	0	.
IDD	0	29	1	0	.
IDD	0	32	2	0	.
IDD	0	33	1	0	.
# ST, Substitution types:
# ST	[2]id	[3]type	[4]count
ST	0	A>C	525
ST	0	A>G	2112
ST	0	A>T	477
ST	0	C>A	956
ST	0	C>G	1063
ST	0	C>T	5823
ST	0	G>A	5481
ST	0	G>C	1057
ST	0	G>T	1035
ST	0	T>A	409
ST	0	T>C	2077
ST	0	T>G	589
# DP, depth:
#   - set id, see above
#   - the depth bin, corresponds to the depth (unless --depth was given)
#   - number of genotypes with this depth (zero unless -s/-S was given)
#   - fraction of genotypes with this depth (zero unless -s/-S was given)
#   - number of sites with this depth
#   - fraction of sites with this depth
# DP, Depth distribution
# DP	[2]id	[3]bin	[4]number of genotypes	[5]fraction of genotypes (%)	[6]number of sites	[7]fraction of sites (%)
DP	0	>500	0	0.000000	22383	100.000000
